1 0.499203125 0.5289583333333333 0.3678593750000001 0.48508333333333326
4 0.36345312500000004 0.35383333333333333 0.07982812500000006 0.10541666666666671
4 0.4524375 0.3499583333333333 0.07949999999999999 0.10502083333333338
4 0.540515625 0.34933333333333333 0.08101562500000004 0.10625
4 0.6315000000000001 0.34810416666666666 0.08282812499999999 0.10868750000000003
4 0.45340625 0.4686875 0.07960937500000007 0.1072083333333333
4 0.5414375 0.46799999999999997 0.07917187499999993 0.10583333333333336
4 0.629515625 0.46664583333333337 0.08068749999999998 0.103125
4 0.6329374999999999 0.58675 0.08201562500000001 0.10802083333333339
4 0.54434375 0.7061041666666666 0.07948437500000001 0.10900000000000011
4 0.6329374999999999 0.7061041666666666 0.08201562500000001 0.10900000000000011