1 0.49924999999999997 0.529625 0.3697968749999999 0.4864375
4 0.3629375 0.35185416666666663 0.07879687500000002 0.10393749999999997
4 0.4519375 0.35185416666666663 0.07848437500000002 0.10393749999999997
4 0.54103125 0.35002083333333334 0.08203125 0.10760416666666663
4 0.6309843749999999 0.35002083333333334 0.08181250000000002 0.10760416666666663
4 0.36534374999999997 0.4718125 0.07809375000000003 0.10366666666666664
4 0.45387500000000003 0.4686875 0.07868750000000002 0.1072083333333333
4 0.54384375 0.4718125 0.07846875000000005 0.10366666666666664
4 0.6308906249999999 0.4693125 0.07793749999999999 0.10597916666666668
4 0.36732812499999995 0.5899583333333334 0.08023437500000004 0.10708333333333328
4 0.36539062499999997 0.7073333333333333 0.08003124999999996 0.10654166666666663
4 0.45540624999999996 0.7079375 0.08175000000000007 0.1053124999999999