1 0.49926562499999994 0.52525 0.36831250000000004 0.48414583333333333
4 0.45315625 0.3515416666666667 0.08079687500000006 0.10893750000000005
4 0.54134375 0.3514375 0.08270312499999992 0.11220833333333337
4 0.630265625 0.34660416666666666 0.08084375000000002 0.1095
4 0.543296875 0.46845833333333337 0.07879687499999992 0.10668749999999996
4 0.632140625 0.4669166666666667 0.07939062500000009 0.1036041666666667
4 0.543234375 0.5862708333333334 0.08125 0.10270833333333323
4 0.45568749999999997 0.7064791666666667 0.07804687500000007 0.10008333333333326
4 0.63271875 0.7046458333333334 0.08054687499999993 0.10683333333333328
4 0.6315000000000001 0.5878125 0.08070312499999996 0.1057916666666666
2 0.63503125 0.221125 0.08804687500000004 0.03856249999999998
3 0.59678125 0.1434375 0.05017187500000002 0.052312500000000026
0 0.65340625 0.14283333333333334 0.05128125000000008 0.05352083333333333