1 0.49924999999999997 0.5290208333333334 0.3697968749999999 0.48766666666666675
4 0.3635 0.35329166666666667 0.08176562500000006 0.10922916666666668
4 0.45346875000000003 0.35200000000000004 0.08154687500000009 0.10910416666666668
4 0.5409843750000001 0.3499583333333333 0.08009374999999999 0.10502083333333338
4 0.6309843749999999 0.3499583333333333 0.08181250000000002 0.10502083333333338
4 0.36539062499999997 0.4731875 0.08003124999999996 0.10639583333333331
4 0.454390625 0.47052083333333333 0.07970312499999999 0.10352083333333333
4 0.542921875 0.46937500000000004 0.08029687499999998 0.10856250000000003
4 0.6328750000000001 0.4686875 0.080078125 0.1072083333333333
4 0.36640625 0.5886458333333333 0.08206249999999997 0.10693750000000009
4 0.3678437499999999 0.7086875 0.08125 0.10927083333333343
4 0.45581250000000006 0.7079375 0.07889062500000002 0.1053124999999999