1 0.49679687499999997 0.5290208333333334 0.368578125 0.48766666666666675
4 0.362984375 0.355125 0.08074999999999992 0.10556250000000003
4 0.450546875 0.35185416666666663 0.08123437500000001 0.10393749999999997
4 0.36396875 0.4718125 0.08084375000000002 0.10366666666666664
4 0.45315625 0.468375 0.08079687500000006 0.10995833333333328
4 0.54084375 0.35085416666666663 0.07907812500000003 0.10410416666666661
4 0.365546875 0.5894583333333333 0.08006250000000001 0.10560416666666654
4 0.4538125 0.5885833333333333 0.07949999999999999 0.1073333333333333
4 0.45257812499999994 0.7055208333333333 0.07964062500000005 0.10510416666666676
2 0.634109375 0.22241666666666668 0.08987499999999997 0.038687499999999986
3 0.596734375 0.14475000000000002 0.04821875000000002 0.05243749999999998
0 0.6524375 0.14352083333333335 0.051171875 0.054895833333333324