1 0.497765625 0.5282708333333334 0.36867187499999987 0.48372916666666654
4 0.36396875 0.3532083333333333 0.08084375000000002 0.10664583333333333
4 0.45340625 0.35254166666666664 0.07960937500000007 0.10529166666666671
4 0.54103125 0.34933333333333333 0.08203125 0.10625
4 0.63190625 0.34933333333333333 0.07996874999999992 0.10625
4 0.36590625 0.47052083333333333 0.081046875 0.10352083333333333
4 0.542 0.4693125 0.08214062500000008 0.10597916666666668
4 0.631453125 0.46875 0.08089062499999997 0.10979166666666665
4 0.542921875 0.5866041666666667 0.08029687499999998 0.10285416666666668
4 0.632421875 0.5866041666666667 0.08100000000000004 0.10285416666666668
4 0.63390625 0.7073333333333333 0.08212500000000009 0.10654166666666663