1 0.49828124999999995 0.5297083333333333 0.369703125 0.48902083333333335
4 0.36345312500000004 0.35389583333333335 0.07982812500000006 0.10802083333333339
4 0.45290625 0.35260416666666666 0.07857812499999994 0.10787499999999994
4 0.540515625 0.35125 0.08101562500000004 0.10514583333333327
4 0.6309375 0.3499583333333333 0.079875 0.10502083333333338
4 0.36543749999999997 0.4718125 0.08196875000000006 0.10366666666666664
4 0.45484375000000005 0.47120833333333334 0.07878124999999994 0.10489583333333338
4 0.45484375000000005 0.5885208333333334 0.07878124999999994 0.10177083333333338
4 0.54296875 0.4693125 0.082234375 0.10597916666666668
4 0.6309375 0.468625 0.079875 0.10462500000000005
4 0.632421875 0.5886458333333333 0.08100000000000004 0.10693750000000009