1 0.498734375 0.5289583333333333 0.36878124999999995 0.48508333333333326
4 0.36396875 0.3505625 0.08084375000000002 0.10379166666666666
4 0.45340625 0.3499583333333333 0.07960937500000007 0.10502083333333338
4 0.540515625 0.35002083333333334 0.08101562500000004 0.10760416666666663
4 0.630015625 0.3499583333333333 0.08171874999999992 0.10502083333333338
4 0.36543749999999997 0.47052083333333333 0.08196875000000006 0.10352083333333333
4 0.45295312499999996 0.4706666666666666 0.08051562499999995 0.10870833333333335
4 0.54296875 0.46997916666666667 0.082234375 0.1073333333333333
4 0.6314062500000001 0.4679375 0.07895312499999996 0.10325000000000001
4 0.364875 0.5892083333333333 0.079 0.103125
4 0.45493750000000005 0.5893333333333334 0.08267187499999995 0.1082916666666667
4 0.5453125 0.5886458333333333 0.07957812499999992 0.10693750000000009
4 0.366875 0.7079375 0.0811562499999999 0.1053124999999999
4 0.45632812500000003 0.7085625 0.07990624999999998 0.1040833333333334
4 0.6349218750000001 0.7061041666666666 0.08415625000000002 0.10900000000000011