1 0.498234375 0.5297708333333333 0.367765625 0.4916249999999999
4 0.362015625 0.3526666666666667 0.08064062500000002 0.1104583333333333
4 0.540515625 0.35191666666666666 0.08101562500000004 0.10652083333333333
4 0.62996875 0.34810416666666666 0.07976562499999992 0.10868750000000003
4 0.541484375 0.46799999999999997 0.08110937499999996 0.10583333333333336
4 0.630421875 0.46739583333333334 0.07885937500000004 0.10706249999999998
4 0.542 0.5873541666666667 0.08214062500000008 0.10681249999999996
4 0.6309375 0.5873541666666667 0.079875 0.10681249999999996
3 0.596734375 0.1448125 0.04821875000000002 0.055020833333333324
0 0.65340625 0.1441875 0.05128125000000008 0.05625
2 0.634046875 0.22370833333333331 0.08793749999999996 0.0388333333333333