1 0.498171875 0.5289583333333333 0.365828125 0.48508333333333326
4 0.36340625 0.35125 0.07789062500000003 0.10514583333333327
4 0.45295312499999996 0.35260416666666666 0.08051562499999995 0.10787499999999994
4 0.540921875 0.349875 0.07815624999999997 0.10243750000000003
4 0.6294531250000001 0.34933333333333333 0.07874999999999996 0.10625
4 0.364421875 0.47120833333333334 0.07992187499999996 0.10489583333333338
4 0.45290625 0.47120833333333334 0.07857812499999994 0.10489583333333338
4 0.542921875 0.4691666666666666 0.08029687499999998 0.10081249999999997
4 0.631453125 0.46997916666666667 0.08089062499999997 0.1073333333333333
4 0.36584374999999997 0.5880416666666667 0.079109375 0.10816666666666658
4 0.45484375000000005 0.5886458333333333 0.07878124999999994 0.10693750000000009