1 0.499703125 0.5290208333333334 0.368890625 0.48766666666666675
4 0.3624375 0.35185416666666663 0.07778125000000005 0.10393749999999997
4 0.45153125000000005 0.35131249999999997 0.08134374999999991 0.10775000000000005
4 0.541484375 0.3499583333333333 0.08110937499999996 0.10502083333333338
4 0.6309843749999999 0.3474375 0.08181250000000002 0.1073333333333333
4 0.36446875 0.46937500000000004 0.08185937499999998 0.10856250000000003
4 0.45340625 0.46997916666666667 0.07960937500000007 0.1073333333333333
4 0.54240625 0.47052083333333333 0.07928125000000001 0.10352083333333333
4 0.630421875 0.4673333333333333 0.07885937500000004 0.10447916666666662
4 0.367375 0.5893333333333334 0.08217187500000005 0.1082916666666667
4 0.454390625 0.5866041666666667 0.07970312499999999 0.10285416666666668
4 0.542453125 0.58675 0.08121875000000003 0.10802083333333339
4 0.633390625 0.5872916666666667 0.08109374999999996 0.10420833333333329
4 0.36732812499999995 0.7060416666666666 0.08023437500000004 0.10639583333333344
4 0.54578125 0.7073333333333333 0.07867187500000003 0.10654166666666663
4 0.63390625 0.7040624999999999 0.08212500000000009 0.10489583333333338