1 0.498171875 0.5297083333333333 0.365828125 0.48902083333333335
4 0.364421875 0.3526666666666667 0.07992187499999996 0.1104583333333333
4 0.45203125 0.35185416666666663 0.08235937500000005 0.10393749999999997
4 0.54240625 0.3505625 0.07928125000000001 0.10379166666666666
4 0.6309375 0.34933333333333333 0.079875 0.10625
4 0.36584374999999997 0.47175 0.079109375 0.10108333333333329
4 0.542453125 0.4693125 0.08121875000000003 0.10597916666666668
4 0.632421875 0.46799999999999997 0.08100000000000004 0.10583333333333336
4 0.54434375 0.5886458333333333 0.07948437500000001 0.10693750000000009
4 0.633390625 0.5879791666666667 0.08109374999999996 0.10558333333333322
4 0.6328750000000001 0.7054166666666667 0.080078125 0.10762499999999993