1 0.498734375 0.529625 0.36878124999999995 0.4864375
4 0.45142187500000003 0.35254166666666664 0.07745312500000008 0.10529166666666671
4 0.364828125 0.4713541666666667 0.07706250000000008 0.11006249999999997
4 0.453921875 0.4706666666666666 0.08062500000000003 0.10870833333333335
4 0.540921875 0.35131249999999997 0.07815624999999997 0.10775000000000005
4 0.628484375 0.3485833333333333 0.07865625000000005 0.10229166666666671
4 0.541953125 0.46937500000000004 0.08020312500000007 0.10856250000000003
4 0.6315000000000001 0.46739583333333334 0.08282812499999999 0.10706249999999998
4 0.63190625 0.5866875 0.07996874999999992 0.10543750000000003
3 0.5972500000000001 0.14475000000000002 0.049249999999999974 0.05243749999999998
0 0.652484375 0.14222916666666666 0.053109375000000014 0.05475
2 0.63359375 0.22445833333333332 0.088859375 0.042770833333333334