1 0.497671875 0.5262916666666667 0.364796875 0.4822291666666667
4 0.364375 0.35383333333333333 0.07798437499999995 0.10541666666666671
4 0.450546875 0.35329166666666667 0.08123437500000001 0.10922916666666668
4 0.540515625 0.35200000000000004 0.08101562500000004 0.10910416666666668
4 0.629 0.35070833333333334 0.07967187500000002 0.10895833333333335
4 0.6309843749999999 0.46739583333333334 0.08181250000000002 0.10706249999999998
4 0.631453125 0.58675 0.08089062499999997 0.10802083333333339
4 0.6328750000000001 0.708 0.080078125 0.10789583333333326
3 0.5972500000000001 0.1440625 0.049249999999999974 0.051083333333333356
0 0.65340625 0.14160416666666667 0.05128125000000008 0.05597916666666668
2 0.63503125 0.2225 0.08804687500000004 0.04127083333333334