1 0.498234375 0.5289583333333333 0.367765625 0.48508333333333326
4 0.3629375 0.35125 0.07879687500000002 0.10514583333333327
4 0.454390625 0.35125 0.07970312499999999 0.10514583333333327
4 0.541484375 0.3499583333333333 0.08110937499999996 0.10502083333333338
4 0.6294531250000001 0.34810416666666666 0.07874999999999996 0.10868750000000003
4 0.36543749999999997 0.4731875 0.08196875000000006 0.10639583333333331
4 0.45346875000000003 0.4686875 0.08154687500000009 0.1072083333333333
4 0.542453125 0.47120833333333334 0.08121875000000003 0.10489583333333338
4 0.6308906249999999 0.46977083333333336 0.07793749999999999 0.09958333333333336
4 0.36584374999999997 0.5892708333333334 0.079109375 0.10570833333333335
4 0.367375 0.7073333333333333 0.08217187500000005 0.10654166666666663
4 0.455359375 0.59125 0.07981250000000006 0.1072083333333334
4 0.455859375 0.7065833333333333 0.08082812500000003 0.10258333333333335
4 0.542921875 0.5893333333333334 0.08029687499999998 0.1082916666666667
4 0.63334375 0.5853125 0.07915624999999996 0.10272916666666679
4 0.54634375 0.7053541666666666 0.08162500000000002 0.10504166666666657
4 0.6348125 0.7067083333333334 0.08028125 0.10777083333333337