1 0.498234375 0.5276666666666666 0.367765625 0.4849375000000001
4 0.364375 0.35185416666666663 0.07798437499999995 0.10393749999999997
4 0.45290625 0.35260416666666666 0.07857812499999994 0.10787499999999994
4 0.5404687499999999 0.3499583333333333 0.07907812500000003 0.10502083333333338
4 0.630421875 0.34879166666666667 0.07885937500000004 0.11006249999999997
4 0.45340625 0.4718958333333333 0.07960937500000007 0.10625
4 0.542453125 0.4691666666666666 0.08121875000000003 0.10081249999999997
4 0.632421875 0.4686875 0.08100000000000004 0.1072083333333333
4 0.45581250000000006 0.5886458333333333 0.07889062500000002 0.10693750000000009
4 0.632421875 0.5853958333333333 0.08100000000000004 0.1053124999999999
4 0.63390625 0.7054166666666667 0.08212500000000009 0.10762499999999993