1 0.49868750000000006 0.5303125000000001 0.36684374999999997 0.4878124999999999
4 0.36345312500000004 0.35185416666666663 0.07982812500000006 0.10393749999999997
4 0.45340625 0.35191666666666666 0.07960937500000007 0.10652083333333333
4 0.5409843750000001 0.35125 0.08009374999999999 0.10514583333333327
4 0.630015625 0.34810416666666666 0.08171874999999992 0.10868750000000003
4 0.36584374999999997 0.4693125 0.079109375 0.10597916666666668
4 0.453921875 0.4693125 0.08062500000000003 0.10597916666666668
4 0.541953125 0.46725 0.08020312500000007 0.10189583333333338
4 0.6324687499999999 0.46739583333333334 0.08293750000000007 0.10706249999999998
4 0.366875 0.5886458333333333 0.0811562499999999 0.10693750000000009
4 0.45387500000000003 0.5885833333333333 0.07868750000000002 0.10435416666666673
4 0.54384375 0.586 0.07846875000000005 0.1040833333333334
4 0.63390625 0.5859375 0.08212500000000009 0.10150000000000006
4 0.367375 0.7073333333333333 0.08217187500000005 0.10654166666666663
4 0.45678124999999997 0.7093125 0.07898437499999993 0.10804166666666669
4 0.5448593749999999 0.7060416666666666 0.08049999999999997 0.10639583333333344
4 0.631953125 0.7060416666666666 0.08192187499999992 0.10639583333333344