1 0.49879687500000003 0.529625 0.37071875 0.4864375
4 0.36390625 0.35254166666666664 0.07890625 0.10529166666666671
4 0.45340625 0.35329166666666667 0.07960937500000007 0.10922916666666668
4 0.542453125 0.3505625 0.08121875000000003 0.10379166666666666
4 0.6324687499999999 0.34879166666666667 0.08293750000000007 0.11006249999999997
4 0.364984375 0.46937500000000004 0.08289062500000002 0.10856250000000003
4 0.455859375 0.47441666666666665 0.08082812500000003 0.10393749999999997
4 0.542 0.46808333333333335 0.08214062500000008 0.10843750000000002
4 0.63334375 0.4679375 0.07915624999999996 0.10325000000000001
4 0.36543749999999997 0.5866875 0.08196875000000006 0.10543750000000003
4 0.45484375000000005 0.5892708333333334 0.07878124999999994 0.10570833333333335
4 0.5409843750000001 0.5880416666666667 0.08009374999999999 0.10816666666666658
4 0.45678124999999997 0.7053541666666666 0.07898437499999993 0.10504166666666657
4 0.54628125 0.7066458333333333 0.0796875 0.10518750000000002
4 0.6343125 0.7041875 0.07926562500000003 0.1100833333333334