1 0.498171875 0.5276666666666666 0.365828125 0.4849375000000001
4 0.36446875 0.35191666666666666 0.08185937499999998 0.10652083333333333
4 0.45295312499999996 0.35125 0.08051562499999995 0.10514583333333327
4 0.542453125 0.35070833333333334 0.08121875000000003 0.10895833333333335
4 0.6308906249999999 0.3499583333333333 0.07793749999999999 0.10502083333333338
4 0.36539062499999997 0.4718958333333333 0.08003124999999996 0.10625
4 0.45432812499999997 0.4706666666666666 0.07776562499999998 0.10870833333333335
4 0.542921875 0.4693125 0.08029687499999998 0.10597916666666668
4 0.632421875 0.4693125 0.08100000000000004 0.10597916666666668
4 0.6329374999999999 0.5860625 0.08201562500000001 0.10666666666666676
4 0.63440625 0.7066458333333333 0.08314062500000005 0.10518750000000002