1 0.498328125 0.5303125000000001 0.37164062500000006 0.4878124999999999
4 0.3635 0.35191666666666666 0.08176562500000006 0.10652083333333333
4 0.45335937499999995 0.35185416666666663 0.07765625000000007 0.10393749999999997
4 0.54103125 0.35125 0.08203125 0.10514583333333327
4 0.63190625 0.35002083333333334 0.07996874999999992 0.10760416666666663
4 0.542453125 0.468625 0.08121875000000003 0.10462500000000005
4 0.63190625 0.4674583333333333 0.07996874999999992 0.10964583333333332
4 0.36728125 0.5911666666666666 0.07829687500000002 0.10462500000000005
4 0.54296875 0.5866875 0.082234375 0.10543750000000003
4 0.632421875 0.58675 0.08100000000000004 0.10802083333333339
4 0.634875 0.70475 0.08221875000000001 0.10627083333333331