1 0.49781250000000005 0.5289583333333333 0.3706250000000001 0.48508333333333326
4 0.363859375 0.35254166666666664 0.07696874999999999 0.10529166666666671
4 0.45290625 0.35185416666666663 0.07857812499999994 0.10393749999999997
4 0.54 0.35070833333333334 0.08000000000000007 0.10895833333333335
4 0.630015625 0.34879166666666667 0.08171874999999992 0.11006249999999997
4 0.364875 0.4731875 0.079 0.10639583333333331
4 0.45387500000000003 0.4693125 0.07868750000000002 0.10597916666666668
4 0.542 0.4718958333333333 0.08214062500000008 0.10625
4 0.63190625 0.46679166666666666 0.07996874999999992 0.1082916666666667
4 0.36543749999999997 0.5905625000000001 0.08196875000000006 0.10585416666666655
4 0.366359375 0.7099166666666666 0.08012500000000004 0.10681249999999996
4 0.456265625 0.7085625 0.07796874999999996 0.1040833333333334