1 0.498609375 0.5283541666666667 0.3696249999999999 0.49033333333333334
4 0.54084375 0.35077083333333337 0.07907812500000003 0.10739583333333336
4 0.3643125 0.5862708333333334 0.08020312499999997 0.10270833333333323
4 0.54134375 0.468375 0.08270312499999992 0.10995833333333328
4 0.6295468750000001 0.3498958333333333 0.08460937499999996 0.10912499999999999
4 0.629609375 0.4668333333333334 0.08214062500000008 0.10687500000000003
4 0.63084375 0.5861666666666667 0.08200000000000003 0.10597916666666668
4 0.6331562500000001 0.7045625 0.08662500000000009 0.11012500000000003
3 0.596734375 0.14475000000000002 0.04821875000000002 0.05243749999999998
0 0.652953125 0.14427083333333332 0.05220312499999995 0.058833333333333356
2 0.634046875 0.22445833333333332 0.08793749999999996 0.042770833333333334