1 0.498234375 0.5295625 0.367765625 0.48385416666666664
4 0.36396875 0.35260416666666666 0.08084375000000002 0.10787499999999994
4 0.45340625 0.35131249999999997 0.07960937500000007 0.10775000000000005
4 0.540515625 0.35002083333333334 0.08101562500000004 0.10760416666666663
4 0.630484375 0.34810416666666666 0.08079687500000006 0.10868750000000003
4 0.3649375 0.46997916666666667 0.0809531250000001 0.1073333333333333
4 0.45290625 0.4686875 0.07857812499999994 0.1072083333333333
4 0.541953125 0.468625 0.08020312500000007 0.10462500000000005
4 0.631453125 0.4674583333333333 0.08089062499999997 0.10964583333333332
4 0.454890625 0.5873541666666667 0.08071874999999995 0.10681249999999996
4 0.6328750000000001 0.586 0.080078125 0.1040833333333334