1 0.498234375 0.5289583333333333 0.367765625 0.48508333333333326
4 0.364421875 0.35191666666666666 0.07992187499999996 0.10652083333333333
4 0.45346875000000003 0.3505625 0.08154687500000009 0.10379166666666666
4 0.5409843750000001 0.35131249999999997 0.08009374999999999 0.10775000000000005
4 0.630484375 0.34810416666666666 0.08079687500000006 0.10868750000000003
4 0.36590625 0.4713541666666667 0.081046875 0.11006249999999997
4 0.45295312499999996 0.46670833333333334 0.08051562499999995 0.10570833333333335
4 0.542921875 0.47052083333333333 0.08029687499999998 0.10352083333333333
4 0.63190625 0.46739583333333334 0.07996874999999992 0.10706249999999998
4 0.366875 0.5899583333333334 0.0811562499999999 0.10708333333333328
4 0.36779687499999997 0.7073333333333333 0.07931249999999998 0.10654166666666663
4 0.45387500000000003 0.586 0.07868750000000002 0.1040833333333334
4 0.456375 0.70325 0.08184374999999999 0.09837500000000006
4 0.54296875 0.5879166666666666 0.082234375 0.10299999999999988
4 0.5439375 0.7072708333333334 0.08234375000000008 0.10395833333333329
4 0.635375 0.7048749999999999 0.08324999999999996 0.11143750000000002
4 0.632421875 0.5873541666666667 0.08100000000000004 0.10681249999999996