1 0.499140625 0.5262916666666667 0.3659218749999999 0.4822291666666667
4 0.36390625 0.3511666666666667 0.07890625 0.10256250000000004
4 0.45340625 0.35191666666666666 0.07960937500000007 0.10652083333333333
4 0.36534374999999997 0.4704583333333333 0.07809375000000003 0.10093749999999997
4 0.45432812499999997 0.47052083333333333 0.07776562499999998 0.10352083333333333
4 0.366875 0.5879791666666667 0.0811562499999999 0.10558333333333322
4 0.366875 0.708625 0.0811562499999999 0.10666666666666676
4 0.455359375 0.5905625000000001 0.07981250000000006 0.10585416666666655
4 0.456375 0.7067083333333334 0.08184374999999999 0.10777083333333337
4 0.544296875 0.4698541666666667 0.07754687499999999 0.10216666666666671
4 0.54378125 0.35191666666666666 0.07651562500000005 0.10652083333333333
4 0.543421875 0.5885208333333334 0.08132812499999993 0.10177083333333338
4 0.5448593749999999 0.7085625 0.08049999999999997 0.1040833333333334
4 0.63440625 0.7054166666666667 0.08314062500000005 0.10762499999999993
4 0.632828125 0.5853125 0.07814062499999999 0.10272916666666679
4 0.63190625 0.46725 0.07996874999999992 0.10189583333333338
4 0.6308906249999999 0.349875 0.07793749999999999 0.10243750000000003