1 0.49868750000000006 0.528875 0.36684374999999997 0.48250000000000004
4 0.362984375 0.35185416666666663 0.08074999999999992 0.10393749999999997
4 0.45239062499999994 0.35260416666666666 0.07756249999999998 0.10787499999999994
4 0.5409843750000001 0.34933333333333333 0.08009374999999999 0.10625
4 0.629515625 0.34933333333333333 0.08068749999999998 0.10625
4 0.36390625 0.46997916666666667 0.07890625 0.1073333333333333
4 0.45340625 0.4706666666666666 0.07960937500000007 0.10870833333333335
4 0.542921875 0.4686875 0.08029687499999998 0.1072083333333333
4 0.629921875 0.46814583333333337 0.07782812499999991 0.11102083333333337
4 0.6324687499999999 0.5866875 0.08293750000000007 0.10543750000000003
4 0.45540624999999996 0.708 0.08175000000000007 0.10789583333333326