1 0.498734375 0.5289583333333333 0.36878124999999995 0.48508333333333326
4 0.36396875 0.35131249999999997 0.08084375000000002 0.10775000000000005
4 0.4524375 0.35185416666666663 0.07949999999999999 0.10393749999999997
4 0.541484375 0.35110416666666666 0.08110937499999996 0.09997916666666669
4 0.630421875 0.34729166666666667 0.07885937500000004 0.10216666666666671
4 0.36534374999999997 0.4718958333333333 0.07809375000000003 0.10625
4 0.454390625 0.47120833333333334 0.07970312499999999 0.10489583333333338
4 0.5439375 0.46875 0.08234375000000008 0.10979166666666665
4 0.63190625 0.46808333333333335 0.07996874999999992 0.10843750000000002
4 0.36539062499999997 0.5872916666666667 0.08003124999999996 0.10420833333333329
4 0.3655 0.7085625 0.08390624999999999 0.1040833333333334
4 0.455359375 0.5893333333333334 0.07981250000000006 0.1082916666666667
4 0.455765625 0.7066458333333333 0.076953125 0.10518750000000002
4 0.5448593749999999 0.5853958333333333 0.08049999999999997 0.1053124999999999
4 0.63384375 0.5872916666666667 0.08018750000000008 0.10420833333333329
4 0.635375 0.7052916666666668 0.08324999999999996 0.10245833333333323