1 0.49984375 0.529125 0.36946875000000007 0.49187499999999995
4 0.3624375000000001 0.3530833333333333 0.081640625 0.11202083333333329
4 0.36496874999999995 0.47424999999999995 0.07889062500000002 0.10437500000000005
4 0.366703125 0.5902291666666667 0.08237500000000005 0.10714583333333323
4 0.45128124999999997 0.3530833333333333 0.08224999999999998 0.11202083333333329
4 0.4524375 0.47256250000000005 0.07949999999999999 0.10760416666666663
4 0.541484375 0.4694375 0.08110937499999996 0.11114583333333337
4 0.45443749999999994 0.7073958333333333 0.081640625 0.10912499999999999
3 0.596328125 0.144875 0.051078125000000085 0.057624999999999996
0 0.652953125 0.1441875 0.05220312499999995 0.05625
2 0.6345625 0.2231041666666667 0.08896875000000008 0.04006249999999998