1 0.498171875 0.5290208333333334 0.365828125 0.48766666666666675
4 0.362984375 0.35185416666666663 0.08074999999999992 0.10393749999999997
4 0.45346875000000003 0.35131249999999997 0.08154687500000009 0.10775000000000005
4 0.54103125 0.35131249999999997 0.08203125 0.10775000000000005
4 0.630375 0.3486458333333333 0.07690625000000004 0.10487499999999995
4 0.36446875 0.4693125 0.08185937499999998 0.10597916666666668
4 0.45387500000000003 0.46799999999999997 0.07868750000000002 0.10583333333333336
4 0.5428124999999999 0.4704583333333333 0.07642187499999994 0.10093749999999997
4 0.366875 0.5892708333333334 0.0811562499999999 0.10570833333333335
4 0.455359375 0.5872916666666667 0.07981250000000006 0.10420833333333329
4 0.543421875 0.5859375 0.08132812499999993 0.10150000000000006