1 0.49879687500000003 0.5290208333333334 0.37071875 0.48766666666666675
4 0.364421875 0.35185416666666663 0.07992187499999996 0.10393749999999997
4 0.45203125 0.35260416666666666 0.08235937500000005 0.10787499999999994
4 0.542 0.35131249999999997 0.08214062500000008 0.10775000000000005
4 0.63190625 0.350625 0.07996874999999992 0.10637500000000001
4 0.36543749999999997 0.468625 0.08196875000000006 0.10462500000000005
4 0.45295312499999996 0.468625 0.08051562499999995 0.10462500000000005
4 0.541890625 0.47120833333333334 0.07825000000000007 0.10489583333333338
4 0.631953125 0.46808333333333335 0.08192187499999992 0.10843750000000002
4 0.36534374999999997 0.5879166666666666 0.09646875000000002 0.12750000000000009
4 0.454890625 0.5879791666666667 0.08071874999999995 0.10558333333333322
4 0.5448593749999999 0.5860625 0.08049999999999997 0.10666666666666676
4 0.6315000000000001 0.5887291666666666 0.08282812499999999 0.10952083333333344
4 0.456375 0.7066458333333333 0.08184374999999999 0.10518750000000002