1 0.49828124999999995 0.5295625 0.369703125 0.48385416666666664
4 0.36390625 0.3563541666666667 0.07890625 0.10310416666666669
4 0.45290625 0.3531458333333333 0.07857812499999994 0.10406249999999997
4 0.5414375 0.3520625 0.07917187499999993 0.11168750000000002
4 0.629921875 0.3499583333333333 0.07782812499999991 0.10502083333333338
4 0.364421875 0.47379166666666667 0.07992187499999996 0.1051666666666667
4 0.45285937499999995 0.47120833333333334 0.07664062499999993 0.10489583333333338
4 0.36539062499999997 0.5893333333333334 0.08003124999999996 0.1082916666666667
3 0.59821875 0.144125 0.04934375000000006 0.05366666666666665
0 0.653 0.14358333333333334 0.05414062499999996 0.05747916666666667
2 0.634046875 0.22370833333333331 0.08793749999999996 0.0388333333333333