1 0.49781250000000005 0.5285416666666667 0.3706250000000001 0.49406249999999996
4 0.5404687499999999 0.35002083333333334 0.07907812500000003 0.10760416666666663
4 0.36345312500000004 0.47141666666666665 0.07982812500000006 0.11264583333333332
4 0.628484375 0.3481875 0.07865625000000005 0.11127083333333326
4 0.5414375 0.46808333333333335 0.07917187499999993 0.10843750000000002
4 0.62996875 0.4673333333333333 0.07976562499999992 0.10447916666666662
4 0.630484375 0.586 0.08079687500000006 0.1040833333333334
4 0.632421875 0.70475 0.08100000000000004 0.10627083333333331
3 0.596265625 0.1448125 0.04914062500000007 0.055020833333333324
0 0.6524375 0.14364583333333333 0.051171875 0.060062500000000026
2 0.632625 0.2225 0.08876562499999992 0.04127083333333334