1 0.499203125 0.5282708333333334 0.3678593750000001 0.48372916666666654
4 0.364421875 0.35191666666666666 0.07992187499999996 0.10652083333333333
4 0.45290625 0.3532083333333333 0.07857812499999994 0.10664583333333333
4 0.541953125 0.35002083333333334 0.08020312500000007 0.10760416666666663
4 0.6294531250000001 0.3486458333333333 0.07874999999999996 0.10487499999999995
4 0.364875 0.47120833333333334 0.079 0.10489583333333338
4 0.45581250000000006 0.4718958333333333 0.07889062500000002 0.10625
4 0.542453125 0.46799999999999997 0.08121875000000003 0.10583333333333336
4 0.6314062500000001 0.46808333333333335 0.07895312499999996 0.10843750000000002
4 0.366359375 0.5905625000000001 0.08012500000000004 0.10585416666666655
4 0.455359375 0.5872916666666667 0.07981250000000006 0.10420833333333329
4 0.633640625 0.7052083333333333 0.07242187500000004 0.09987500000000012