1 0.497671875 0.5290833333333333 0.364796875 0.49024999999999996
4 0.3629375 0.3532083333333333 0.07879687500000002 0.10664583333333333
4 0.45290625 0.35191666666666666 0.07857812499999994 0.10652083333333333
4 0.5414375 0.35254166666666664 0.07917187499999993 0.10529166666666671
4 0.6294531250000001 0.35131249999999997 0.07874999999999996 0.10775000000000005
4 0.3649375 0.47120833333333334 0.0809531250000001 0.10489583333333338
4 0.45239062499999994 0.4693125 0.07756249999999998 0.10597916666666668
4 0.541953125 0.4693125 0.08020312500000007 0.10597916666666668
4 0.631453125 0.4686875 0.08089062499999997 0.1072083333333333
4 0.36584374999999997 0.5879791666666667 0.079109375 0.10558333333333322
4 0.5453125 0.7073333333333333 0.07957812499999992 0.10654166666666663