1 0.49924999999999997 0.5297083333333333 0.3697968749999999 0.48902083333333335
4 0.364875 0.3505625 0.079 0.10379166666666666
4 0.45346875000000003 0.35260416666666666 0.08154687500000009 0.10787499999999994
4 0.54103125 0.3474375 0.08203125 0.1073333333333333
4 0.630484375 0.3474375 0.08079687500000006 0.1073333333333333
4 0.36396875 0.46997916666666667 0.08084375000000002 0.1073333333333333
4 0.45387500000000003 0.46997916666666667 0.07868750000000002 0.1073333333333333
4 0.5404687499999999 0.46799999999999997 0.07907812500000003 0.10583333333333336
4 0.631453125 0.46549999999999997 0.08089062499999997 0.1081666666666667
4 0.36590625 0.5892708333333334 0.081046875 0.10570833333333335
4 0.543421875 0.5885833333333333 0.08132812499999993 0.10435416666666673
4 0.366875 0.7093125 0.0811562499999999 0.10804166666666669
4 0.45682812500000003 0.7067083333333334 0.08092187499999995 0.10777083333333337
4 0.54628125 0.7060416666666666 0.0796875 0.10639583333333344